15
11
0
40
34
10
90
84
58
150
143
115
186
175
147
177
163
134
137
122
91
104
88
55
129
113
80
132
116
82
129
113
80
119
104
71
124
109
78
126
113
81
126
112
83
150
136
107
171
167
140
168
164
137
168
162
136
174
168
142
159
153
127
159
152
126
134
127
101
138
128
103
131
119
95
134
122
98
131
116
93
151
136
113
151
135
112
153
137
114
149
131
109
168
150
128
176
169
140
146
140
108
139
130
97
128
118
83
125
112
77
122
110
72
109
95
56
119
105
66
107
93
54
111
97
60
114
101
67
118
104
75
114
103
75
95
85
60
59
51
28
28
20
0
28
18
8
32
22
12
20
15
0
22
16
0
39
31
8
79
72
46
125
113
87
144
130
103
126
111
82
100
85
54
106
89
59
111
94
64
117
102
71
99
84
55
92
78
49
96
82
55
98
87
59
134
123
95
141
137
110
138
134
107
140
134
108
148
142
116
141
135
109
150
143
117
137
130
104
147
137
112
141
131
106
140
128
104
140
128
104
158
143
120
159
144
121
147
131
108
135
119
96
145
129
106
132
125
97
116
109
81
114
105
76
105
96
65
108
97
65
117
104
70
104
90
55
103
89
54
101
87
52
98
83
50
103
89
60
107
96
68
86
76
51
48
37
17
26
18
0
28
20
1
27
17
5
31
21
9
33
26
8
20
13
0
13
5
0
30
22
1
66
55
33
92
80
56
94
80
54
82
66
41
74
58
32
72
56
30
86
70
44
65
51
25
59
47
21
74
62
38
79
69
44
120
109
87
121
117
92
117
113
88
122
118
93
130
124
100
128
122
98
134
128
104
121
113
90
126
118
95
129
118
96
128
117
95
141
129
107
155
143
121
159
147
125
130
115
94
111
96
75
113
98
77
109
103
81
102
94
71
93
85
62
74
64
39
73
62
34
86
75
47
84
70
41
79
65
36
85
71
42
90
76
49
87
75
51
70
58
36
43
32
14
22
13
0
19
9
0
23
15
2
29
22
6
34
27
11
49
41
28
36
28
15
24
15
0
23
14
0
32
20
4
43
30
13
57
44
25
71
56
35
57
42
21
41
26
5
53
41
19
43
30
11
55
44
24
87
76
58
92
84
65
127
119
100
120
115
93
113
108
86
121
116
94
131
125
103
133
127
105
127
121
99
103
97
75
98
90
69
107
99
78
114
106
85
138
130
109
147
136
116
145
134
114
98
87
67
81
70
50
83
72
52
93
86
70
97
90
74
88
81
63
62
54
35
47
36
16
49
38
16
52
40
18
51
39
15
69
57
35
67
54
35
52
41
23
30
18
4
17
7
0
20
11
2
26
17
10
26
17
10
35
28
9
40
33
14
63
54
45
49
39
30
37
27
17
30
20
8
20
8
0
15
3
0
34
21
5
62
49
33
56
43
27
35
23
7
48
36
20
45
36
19
64
55
38
102
95
79
118
111
95
147
140
124
122
117
95
103
98
76
111
106
84
124
119
97
136
131
109
123
118
96
98
92
70
91
85
63
102
96
74
116
110
88
141
135
113
135
129
107
118
112
90
69
63
41
61
55
33
72
66
44
63
56
46
84
77
67
91
83
72
73
65
52
45
36
21
29
20
3
34
22
6
37
25
9
54
42
26
31
19
5
14
4
0
16
6
0
16
7
0
12
2
0
17
9
7
31
23
21
34
27
8
39
32
13
67
57
48
54
44
35
47
37
28
46
36
26
37
24
15
22
10
0
25
13
1
40
28
14
58
46
32
47
38
23
55
46
31
57
49
36
64
58
44
93
87
73
127
121
107
151
148
133
124
119
99
94
89
69
101
96
76
117
112
92
134
129
109
114
109
89
91
86
66
89
84
64
100
95
75
123
118
98
142
137
117
131
126
106
104
99
79
67
62
42
65
60
40
83
78
58
63
56
50
90
83
77
94
87
79
75
68
58
43
34
25
24
16
5
37
27
17
42
32
22
28
18
8
20
10
1
15
6
0
15
6
1
12
4
2
10
1
2
14
5
8
22
13
16
27
20
1
32
25
6
56
46
37
54
44
35
52
42
32
52
42
32
49
39
29
42
32
20
37
27
15
35
25
13
60
52
39
60
52
39
58
52
38
66
60
46
62
59
44
79
76
61
126
122
110
143
139
127
132
127
108
101
96
77
119
114
95
143
138
119
157
152
133
115
112
93
85
82
63
84
81
62
101
98
79
133
130
111
150
147
128
146
143
124
117
116
96
93
92
72
80
79
59
90
89
69
80
75
71
106
101
97
93
88
82
63
56
48
31
24
16
23
16
6
39
32
22
35
28
18
13
6
0
22
15
7
21
14
8
9
1
0
6
0
0
12
6
8
17
11
15
14
8
12
25
18
0
29
22
4
45
33
21
48
38
26
45
35
23
37
27
15
40
30
18
56
46
34
63
55
42
62
54
41
70
63
47
68
62
46
57
51
37
70
67
52
68
65
50
80
78
63
130
128
113
136
134
119
140
134
118
116
110
94
148
145
128
183
180
163
194
191
174
134
131
114
93
90
73
89
86
69
113
112
94
151
150
132
169
168
150
173
172
154
143
142
124
120
121
103
90
91
73
87
88
70
79
74
68
108
103
97
90
85
79
52
48
39
25
21
12
22
18
9
33
29
20
11
7
0
21
17
8
8
3
0
4
0
0
6
1
0
7
1
1
4
0
0
11
5
7
23
17
21
29
21
10
32
24
13
47
35
19
42
30
14
43
34
17
50
41
24
45
36
19
41
34
16
61
54
38
90
84
68
88
82
66
76
70
54
65
62
45
70
67
50
82
79
60
94
91
72
102
101
81
109
108
88
151
148
131
172
169
152
194
191
174
222
219
202
224
221
204
167
164
147
106
105
87
96
95
77
126
125
107
169
168
150
200
201
183
196
197
179
180
181
163
162
163
145
130
131
113
98
99
81
98
94
85
102
98
89
78
74
65
51
47
38
29
25
14
30
26
15
8
4
0
19
15
4
14
10
1
16
11
5
17
12
6
17
12
8
16
11
8
17
11
11
20
14
14
23
17
17
29
22
14
29
22
14
47
36
16
46
35
15
43
35
14
45
37
18
50
43
24
60
53
34
67
62
43
70
65
46
85
80
61
71
68
49
61
58
39
61
58
39
70
68
47
83
81
60
96
94
73
105
103
82
151
148
131
194
191
174
225
222
205
238
237
219
234
233
215
188
187
169
142
141
123
133
132
114
169
168
150
202
201
183
221
222
204
214
215
197
200
201
183
187
188
170
158
159
141
127
128
110
120
116
105
102
98
87
72
68
57
50
46
35
29
27
15
33
31
19
16
14
2
22
20
8
25
23
11
24
21
12
20
17
10
14
11
4
9
4
0
6
1
0
7
2
0
8
3
0
14
6
4
14
6
4
50
40
15
49
38
16
48
40
17
53
45
22
62
56
34
70
63
44
68
63
43
63
58
38
71
68
49
62
59
40
51
49
28
50
45
25
55
50
30
68
63
43
86
81
59
100
95
73
146
145
127
205
204
186
239
238
220
243
242
224
241
240
222
218
217
199
189
188
170
181
180
162
211
210
192
230
229
211
237
236
218
225
224
206
213
212
194
205
204
186
182
181
163
154
153
135
140
134
122
92
86
74
55
51
39
40
36
24
25
23
10
35
33
20
29
27
14
30
28
16
27
25
13
24
21
12
18
15
6
11
8
1
6
1
0
4
0
0
6
0
0
7
0
0
8
0
0
8
0
0
51
41
16
49
39
14
54
46
23
68
60
37
68
62
40
58
53
33
58
53
33
68
63
44
58
53
34
53
48
29
45
40
21
39
34
15
42
35
16
54
47
28
75
67
48
90
82
61
145
146
128
206
205
187
237
236
218
237
236
218
243
242
224
237
236
218
217
216
198
211
210
192
230
229
211
240
239
221
237
236
218
220
219
201
210
207
190
204
201
184
187
184
167
166
163
146
144
138
126
74
68
56
39
33
21
27
23
11
14
10
0
24
22
9
29
27
15
25
25
13
21
21
11
21
18
9
17
14
5
13
8
2
9
4
0
10
2
0
10
2
0
10
2
0
12
3
4
12
3
4
55
45
20
55
45
20
61
53
30
69
63
41
64
57
38
50
45
26
51
46
27
61
55
39
46
40
24
47
41
25
45
38
22
38
31
15
38
29
12
49
37
21
66
55
37
80
67
50
135
136
118
199
200
182
237
238
220
241
242
224
244
245
227
237
236
218
222
221
203
223
222
204
238
235
218
244
241
224
238
235
218
219
216
199
206
200
184
199
193
177
187
181
165
173
167
151
137
129
118
59
51
40
28
22
10
18
14
3
5
1
0
9
7
0
19
16
7
15
15
5
19
19
11
20
17
10
17
14
7
15
10
6
12
7
3
11
3
0
9
0
0
7
0
0
12
3
4
12
3
4
67
56
34
71
63
40
71
63
42
62
55
36
58
51
33
56
50
34
50
44
30
41
35
23
37
31
19
43
35
24
45
37
26
41
31
19
40
28
16
48
34
21
63
47
34
73
57
44
97
100
81
180
181
163
238
239
221
249
250
232
247
248
230
235
234
216
224
223
205
235
232
215
239
236
219
243
240
223
238
232
216
218
212
196
202
195
179
192
185
169
183
176
160
174
167
151
110
101
92
40
31
22
23
14
5
17
10
2
8
4
0
6
3
0
18
15
8
17
14
9
13
10
5
12
9
4
11
7
4
12
7
4
14
6
4
13
3
2
11
1
0
8
0
0
10
2
0
10
2
0
76
65
45
79
71
52
75
67
48
61
54
36
51
44
28
46
40
26
36
30
18
24
17
7
23
16
6
33
24
15
40
30
21
40
27
19
41
27
18
52
35
27
65
47
37
73
55
45
74
77
56
166
169
148
233
236
215
246
248
227
247
249
228
241
240
220
232
231
211
239
236
217
238
235
216
240
235
216
231
226
207
213
206
188
195
188
170
184
175
158
175
166
149
167
158
141
87
76
70
30
19
13
23
14
7
20
13
7
20
15
9
13
8
4
19
16
11
17
13
10
6
2
0
5
1
0
6
0
0
8
2
2
13
4
5
16
6
7
17
5
7
16
4
6
12
5
0
12
5
0
75
64
46
71
63
44
70
61
44
62
55
39
42
34
21
19
13
1
11
4
0
14
7
0
10
1
0
21
12
5
31
20
14
35
22
16
42
25
18
55
36
29
68
49
42
76
56
49
83
86
65
173
176
155
232
235
214
241
243
222
249
251
230
251
250
230
238
237
217
233
230
211
241
236
217
238
233
214
227
220
202
208
201
183
192
183
166
180
171
154
169
160
143
161
152
135
83
72
68
34
23
19
29
20
15
25
17
14
27
22
18
14
9
6
11
7
4
7
3
2
9
5
4
7
3
2
5
0
1
6
0
2
11
2
5
15
4
8
16
4
8
16
4
8
13
9
0
13
9
0
74
65
48
63
54
39
64
56
43
39
35
23
22
19
10
0
1
0
12
15
8
14
16
11
4
6
1
4
7
0
0
1
0
16
13
4
38
34
22
43
35
22
59
50
35
75
66
49
87
86
66
171
170
150
225
224
204
248
249
231
251
252
234
244
245
227
246
247
229
226
227
209
231
230
212
230
229
211
223
220
203
203
197
181
179
173
157
174
167
151
172
163
146
161
152
135
81
78
59
54
51
34
32
30
17
18
18
10
17
16
12
8
8
6
0
0
0
5
5
3
4
5
0
4
5
0
0
2
0
4
4
0
1
1
0
13
9
6
8
2
2
10
4
6
13
5
2
14
6
3
45
36
19
44
35
18
41
33
20
10
6
0
48
46
34
78
78
70
78
81
74
24
27
20
6
8
3
6
9
2
4
5
0
14
11
2
19
15
3
38
32
18
65
58
42
64
55
38
72
73
55
147
148
130
222
223
205
248
249
231
253
254
236
251
252
234
237
238
222
230
231
215
231
229
214
227
226
208
219
216
199
199
193
177
177
170
154
172
165
147
171
162
145
162
153
136
109
106
87
64
61
44
33
31
18
17
14
7
8
7
3
4
4
2
0
0
0
5
5
3
5
6
0
17
18
10
12
14
3
10
10
0
3
0
0
6
3
0
4
0
0
7
1
1
9
1
0
10
2
0
41
32
15
31
22
5
43
36
20
61
58
43
127
125
113
139
139
129
109
110
102
45
48
41
11
14
7
0
3
0
0
1
0
11
9
0
8
4
0
31
25
11
73
66
50
74
65
48
82
85
68
146
149
132
229
232
215
249
252
235
252
255
238
255
255
241
234
235
219
239
240
224
232
230
215
225
222
205
213
210
193
195
189
173
175
168
150
170
163
145
171
162
145
165
156
139
121
118
99
56
53
38
22
20
8
11
8
1
1
0
0
2
2
0
3
3
1
3
4
0
6
7
1
27
29
18
33
35
24
25
25
15
4
1
0
4
1
0
5
0
0
8
2
2
8
0
0
8
0
0
32
24
5
16
7
0
43
36
18
117
114
99
158
156
143
122
122
110
65
67
56
40
43
34
28
31
22
8
11
2
0
2
0
16
16
4
21
17
5
28
22
6
70
63
47
99
92
74
125
129
114
184
188
173
244
248
233
251
255
240
250
252
238
254
255
240
244
245
229
248
246
231
231
229
214
221
218
201
211
205
189
196
189
173
178
171
153
174
165
148
174
165
148
169
160
143
121
118
101
42
39
24
13
11
0
13
10
3
1
0
0
7
6
4
7
7
5
0
1
0
2
3
0
21
23
12
38
38
26
39
39
27
22
20
8
8
5
0
5
0
0
10
5
1
15
8
2
14
7
1
23
15
0
17
10
0
31
24
6
111
108
91
126
124
109
96
97
83
29
31
18
23
26
15
36
39
28
31
34
23
12
14
1
24
25
11
41
39
24
33
30
13
61
56
37
111
106
87
164
172
159
224
230
218
250
255
242
252
255
242
247
251
236
249
251
237
255
255
242
245
243
228
228
225
208
217
211
195
208
201
185
197
190
172
184
175
158
178
169
152
178
169
152
176
164
148
128
125
108
40
37
22
13
11
0
20
17
12
9
8
6
14
13
11
15
15
13
3
4
0
0
1
0
5
7
0
29
30
16
47
48
34
43
41
28
13
11
0
4
0
0
9
4
0
25
18
12
23
16
10
41
33
12
29
23
1
22
15
0
92
89
70
110
109
91
89
90
76
19
21
7
11
13
0
12
16
2
34
38
24
20
22
9
25
26
12
49
47
32
45
44
26
73
70
53
130
127
108
190
200
189
239
249
238
247
255
242
248
254
242
248
252
238
244
246
232
255
254
241
238
235
220
224
218
202
209
202
186
200
191
174
195
186
169
185
176
159
181
170
152
182
171
153
180
169
151
134
131
116
42
38
26
12
8
0
20
17
12
12
11
7
16
15
13
21
21
19
18
19
13
8
10
0
1
3
0
25
26
10
52
53
37
58
56
41
21
17
5
9
5
0
17
13
4
32
25
19
28
21
15
52
44
21
38
32
10
27
22
2
68
65
46
95
94
76
68
69
53
11
13
0
2
4
0
0
3
0
15
19
5
16
18
4
29
31
17
47
48
32
58
57
39
112
111
93
183
182
164
219
231
221
239
251
241
245
255
244
247
253
241
249
252
241
245
245
233
240
238
225
237
231
217
217
210
194
199
190
173
191
179
163
189
178
160
182
171
153
178
167
149
181
170
152
182
171
153
148
145
130
55
51
39
16
12
3
19
16
11
12
8
5
9
8
6
14
13
9
18
19
13
13
15
4
5
6
0
27
28
10
50
49
31
57
56
38
24
21
6
20
16
4
30
26
15
30
23
15
27
20
12
49
43
19
57
51
29
52
47
25
41
39
18
69
68
48
54
53
35
27
28
12
8
10
0
3
5
0
5
7
0
15
17
3
44
46
32
49
52
35
61
62
46
145
146
128
235
236
218
246
255
250
239
251
241
249
255
250
247
253
243
251
253
242
248
246
233
229
223
209
240
233
217
215
203
187
194
182
166
183
170
153
182
169
152
177
164
147
174
163
145
180
169
151
183
172
154
172
166
150
77
74
59
32
28
17
26
23
16
13
9
6
1
0
0
1
0
0
5
5
0
10
10
0
4
5
0
25
27
6
39
38
18
46
45
25
20
17
0
26
23
8
39
33
21
27
20
10
23
16
6
49
43
19
56
50
28
58
53
31
54
52
31
54
51
32
50
49
31
36
37
19
20
23
6
3
5
0
26
28
14
43
45
31
44
46
32
55
58
41
106
109
92
187
190
173
248
251
234
241
254
245
243
255
245
243
253
242
244
250
238
245
245
233
243
239
227
236
229
213
230
218
202
207
194
177
195
179
163
180
164
148
170
155
136
165
152
135
168
155
138
174
163
145
181
170
152
180
174
158
142
136
122
87
83
72
45
40
34
21
18
13
11
10
6
6
5
0
3
3
0
5
6
0
12
13
0
22
24
3
33
32
11
37
34
15
34
31
12
32
26
10
30
24
10
21
14
4
19
12
2
48
42
20
51
45
23
58
53
31
66
64
43
72
69
50
68
67
47
58
59
41
52
53
37
57
60
43
50
52
38
47
51
36
68
72
57
119
123
108
181
185
170
230
234
219
254
255
243
242
254
244
245
255
246
248
255
245
249
251
238
249
247
234
246
238
225
236
224
208
227
211
195
201
184
166
189
170
153
175
156
139
168
151
133
168
153
134
169
156
139
173
162
144
177
166
148
186
181
162
183
177
161
162
158
146
121
117
108
73
70
63
42
39
34
35
35
27
43
43
33
30
31
17
33
34
16
41
40
19
45
44
23
39
37
16
26
23
4
20
14
0
20
14
0
21
15
3
19
13
1
73
67
45
74
69
47
86
81
61
101
99
78
105
102
83
94
93
73
84
85
67
84
85
69
72
75
58
85
87
73
113
117
102
159
163
149
210
214
200
244
248
234
252
255
242
244
250
236
243
253
242
246
254
243
248
251
240
246
247
233
247
241
227
243
231
215
234
218
202
225
206
189
203
182
163
189
168
149
174
153
134
168
150
130
170
153
135
172
159
142
176
165
147
180
169
151
182
177
157
192
187
168
195
189
175
175
171
160
141
138
129
113
110
103
100
100
92
101
101
89
82
83
67
75
77
56
74
73
52
74
73
52
66
64
43
48
43
24
34
28
12
30
24
10
23
17
5
20
14
2
78
73
53
83
78
58
96
91
71
109
106
87
119
116
97
125
124
106
137
136
118
147
148
132
165
167
153
188
190
176
217
221
207
237
241
227
243
249
237
245
251
239
245
251
239
247
253
241
244
252
239
244
250
236
243
245
231
240
237
222
240
231
214
240
224
208
233
215
195
227
204
186
209
184
164
196
171
151
179
157
136
170
149
130
167
150
132
168
155
138
174
163
145
179
170
153
180
176
151
185
180
158
192
187
168
195
191
179
195
191
180
189
186
177
181
178
169
174
174
162
183
184
168
165
164
144
147
146
125
139
137
116
123
121
100
95
90
71
69
63
47
58
52
38
46
40
26
42
36
22
93
88
68
103
98
78
111
106
87
114
111
92
130
127
108
162
161
143
199
197
182
220
221
205
244
246
232
249
251
238
253
255
243
251
255
245
247
253
243
241
249
238
241
249
238
244
251
243
244
248
233
245
247
233
244
242
227
242
235
217
241
228
211
239
221
201
232
210
189
226
199
178
208
180
159
200
173
152
189
164
144
178
155
137
167
150
132
161
148
131
165
154
136
171
162
145
175
169
143
182
178
153
191
186
166
196
193
178
199
195
183
202
200
188
207
205
193
212
210
197
223
221
206
208
207
187
192
191
170
177
175
154
150
148
127
118
112
96
94
88
74
87
79
68
62
56
42
57
51
37
96
91
72
116
111
92
135
130
111
147
144
125
169
166
149
204
201
184
235
233
218
249
250
236
244
245
231
242
244
231
244
247
236
248
254
244
250
255
247
247
254
246
242
249
241
237
247
239
242
245
228
244
245
227
244
241
222
242
234
215
240
225
204
235
214
193
226
199
178
217
186
165
203
172
151
202
171
150
197
170
149
188
166
145
174
155
138
162
146
130
159
147
131
161
152
135
174
169
140
179
173
147
185
180
158
187
184
167
189
185
173
192
190
178
197
195
183
202
200
187
202
201
183
203
202
182
199
198
177
181
179
158
146
143
124
114
108
92
97
89
76
93
85
74
70
64
48
65
59
43
83
78
59
108
103
84
145
139
123
181
178
161
213
210
193
237
234
219
248
246
231
251
252
238
255
255
244
255
255
246
252
255
244
248
254
244
243
250
242
239
246
239
238
248
240
242
252
244
243
244
226
242
241
221
237
232
212
231
220
200
226
208
186
221
196
174
210
182
160
202
170
147
195
163
140
195
163
142
191
163
142
186
161
141
171
153
133
160
144
128
155
143
127
156
147
130
178
173
143
180
175
146
183
179
154
190
185
166
196
193
178
199
197
184
198
196
183
196
194
179
206
205
187
213
212
192
212
211
190
196
194
173
169
164
145
138
132
116
113
105
94
97
89
78
84
78
62
78
72
56
125
119
103
138
132
116
170
164
148
211
208
191
242
239
222
251
248
233
250
248
233
249
250
236
253
253
241
249
251
240
249
252
243
248
253
246
244
251
243
235
245
237
232
241
236
233
242
237
247
246
226
240
237
218
227
220
201
213
201
179
205
187
165
202
178
154
198
168
144
191
159
136
188
153
131
182
150
127
175
147
125
169
144
124
158
140
120
152
136
120
150
138
122
152
143
126
164
159
127
172
167
138
182
178
153
188
183
163
189
186
171
189
187
174
192
190
177
195
193
178
193
192
174
198
197
177
201
200
179
201
199
178
200
195
176
186
180
164
155
147
136
124
115
106
81
75
59
74
68
52
107
107
83
135
135
111
178
180
159
216
221
201
236
243
227
242
250
235
243
254
240
247
255
247
245
255
245
248
255
247
246
254
241
241
247
233
244
246
232
245
246
228
236
235
215
222
219
200
255
235
216
247
209
190
225
187
166
222
181
161
217
176
154
206
164
142
198
156
134
198
156
134
184
142
120
179
137
115
178
135
116
175
134
116
163
122
104
149
110
93
154
115
100
168
129
114
144
141
122
164
161
142
178
175
156
183
180
161
183
180
161
178
175
156
179
176
157
188
185
168
189
186
169
191
188
171
197
194
177
195
192
175
187
184
169
181
178
163
163
160
145
139
136
121
113
107
91
92
86
70
129
129
105
159
159
135
199
201
179
229
234
214
242
249
233
244
252
237
242
253
239
240
252
240
239
251
239
242
252
241
243
251
238
243
249
235
247
250
233
245
246
228
229
228
208
211
209
188
203
168
148
203
166
147
196
160
138
184
146
125
188
147
125
209
167
145
206
164
142
180
135
114
186
141
120
194
152
130
178
135
116
151
110
92
145
106
89
150
113
95
143
106
90
132
96
80
140
137
118
164
161
142
177
174
155
175
172
153
176
173
154
178
175
156
178
175
156
181
178
159
178
175
158
181
178
161
188
185
168
190
187
170
185
182
165
183
180
163
171
168
153
152
149
134
108
105
88
85
82
65
137
137
113
170
170
146
208
210
188
232
235
216
241
248
230
245
253
238
243
254
240
239
250
236
240
251
237
241
252
238
242
250
235
246
250
235
251
254
237
251
250
232
234
231
212
214
212
191
194
163
142
176
144
123
144
109
89
101
65
43
103
62
42
164
122
100
202
157
136
180
135
114
175
130
109
182
137
118
138
95
76
86
45
27
85
48
30
106
70
54
108
75
58
107
76
58
148
143
123
173
168
148
182
177
157
174
169
149
172
169
150
177
174
155
177
174
155
174
171
152
174
171
152
177
174
155
185
182
165
186
183
166
181
178
161
181
178
161
175
172
155
160
157
140
131
130
112
108
107
89
149
149
125
181
181
157
213
215
193
230
233
212
239
243
226
246
253
237
246
254
239
239
250
236
245
253
240
244
252
237
243
250
234
244
248
231
249
250
232
252
251
231
243
241
220
234
229
209
225
198
177
190
162
140
157
126
105
122
87
67
110
72
51
157
114
95
194
147
127
175
128
108
173
126
108
168
121
103
113
70
53
65
27
8
70
35
16
86
55
37
106
77
59
141
114
97
167
162
142
184
179
159
187
182
162
179
174
154
178
173
153
179
174
154
176
171
151
175
170
151
178
173
154
177
174
155
182
179
160
181
178
159
175
172
155
174
171
154
171
168
151
161
158
141
144
147
126
125
128
107
189
189
165
213
213
189
233
235
213
239
242
221
242
247
227
246
253
235
246
255
238
241
249
234
243
251
236
244
251
235
245
249
232
244
247
228
244
246
225
247
245
224
247
242
220
243
238
216
240
220
196
214
192
169
202
176
153
187
156
135
169
133
111
186
143
124
195
148
130
167
118
101
166
117
100
159
112
94
120
77
60
98
61
43
115
84
66
125
98
79
142
119
101
181
160
141
185
179
157
189
183
161
188
182
160
187
181
159
185
180
160
178
173
153
175
170
150
181
176
156
175
170
150
173
168
149
176
171
152
172
169
150
164
161
142
162
159
140
160
157
138
151
148
129
141
146
124
126
131
109
222
222
198
234
234
210
244
246
224
245
248
227
245
250
230
248
252
235
245
252
234
242
249
233
241
248
232
246
250
233
249
252
235
248
249
231
247
246
226
244
242
221
243
238
216
241
237
212
247
232
209
230
214
189
216
196
172
194
166
144
176
141
121
189
146
129
192
145
127
166
117
100
154
105
90
150
103
87
127
84
68
123
88
69
152
123
105
169
148
129
175
158
138
191
176
157
189
183
161
186
180
158
182
176
154
184
178
156
187
181
159
179
173
151
174
169
149
184
179
159
178
173
153
172
167
147
170
165
145
164
161
142
154
151
132
147
144
125
141
138
119
131
128
109
124
132
109
110
118
95
226
226
202
229
231
207
234
236
214
238
241
220
240
245
223
241
246
226
241
245
228
241
245
228
240
244
227
241
246
226
244
247
228
245
247
226
246
244
223
242
240
217
240
236
211
239
233
209
238
231
205
231
221
196
221
205
182
204
179
157
187
154
135
186
145
127
179
132
116
159
110
95
156
107
92
152
104
90
142
100
84
149
116
99
175
149
132
189
172
152
189
178
158
191
183
162
186
178
157
185
177
156
179
171
150
176
170
148
180
174
152
177
171
149
174
168
146
178
173
153
178
173
153
169
164
144
165
163
142
162
160
139
153
151
130
146
143
124
137
134
115
125
122
103
105
110
88
85
90
68
221
223
201
220
222
200
223
227
204
230
233
212
234
239
217
233
238
218
232
237
217
233
238
218
234
239
219
232
235
216
232
234
213
235
234
213
238
236
213
239
234
212
236
232
207
236
230
206
224
222
197
218
212
186
212
200
176
208
187
166
197
166
146
178
139
122
164
118
103
158
110
96
152
104
90
148
102
87
156
117
102
178
146
131
189
168
149
183
170
151
179
172
153
182
180
159
184
176
155
187
179
158
179
171
150
170
162
141
173
167
145
176
170
148
173
167
145
170
165
143
168
163
143
159
157
136
160
158
137
163
161
140
161
159
138
156
155
135
150
149
129
138
137
117
103
106
87
77
80
61
213
217
194
219
223
200
220
225
203
223
228
206
234
239
217
236
241
221
230
235
215
229
234
214
228
231
212
226
229
208
225
227
206
229
228
207
232
230
207
233
228
206
228
224
199
224
220
195
214
214
188
209
207
182
209
201
178
203
187
164
189
162
143
176
141
122
160
118
102
142
96
81
146
100
85
158
116
102
173
137
121
190
163
146
196
179
161
183
175
156
173
171
150
178
177
156
180
172
151
177
169
148
175
167
146
173
167
145
173
167
145
170
164
142
164
159
137
160
155
135
151
149
128
151
149
128
152
150
129
153
152
131
151
150
130
146
145
125
138
140
119
136
138
117
119
120
102
111
112
94
188
196
173
212
220
197
226
234
213
225
233
212
223
231
210
221
229
208
227
232
212
236
241
221
228
231
210
226
229
208
226
228
206
228
227
206
229
227
204
225
223
200
220
216
191
215
211
186
210
212
188
201
201
177
197
191
167
194
179
158
185
163
142
177
146
128
161
124
108
138
99
84
136
97
82
161
124
108
185
153
138
196
173
157
195
179
163
180
173
154
173
172
152
180
182
161
180
172
151
177
169
148
172
166
144
169
163
141
167
160
141
164
159
139
160
155
135
155
153
132
157
155
134
149
148
128
142
141
121
136
138
117
136
138
117
136
138
117
131
134
113
125
128
107
102
103
87
87
88
72
179
188
169
192
201
182
197
206
187
201
210
191
216
224
203
227
235
214
226
234
213
226
231
211
226
231
209
225
228
207
225
227
205
224
226
204
224
224
200
220
218
195
212
210
187
206
204
181
196
198
176
183
183
159
175
170
148
175
163
141
174
156
136
173
146
129
156
125
107
131
98
81
138
105
90
167
135
120
188
160
146
191
172
155
188
175
158
178
173
154
173
172
152
177
178
160
179
172
153
176
169
150
172
165
146
166
161
141
162
157
137
159
154
134
155
152
133
153
152
132
141
140
120
139
141
120
138
140
119
138
141
122
140
143
124
134
139
119
115
120
100
94
99
79
70
72
58
51
53
39
156
167
150
180
191
174
194
205
188
194
206
186
199
208
189
203
212
193
208
215
197
213
221
200
214
219
199
214
217
196
212
215
194
212
214
192
211
210
189
206
205
184
200
200
176
195
195
171
179
181
159
166
165
144
159
154
132
161
150
130
165
148
130
164
143
124
148
122
105
124
97
80
141
114
97
161
135
120
169
148
131
168
151
135
170
158
142
170
165
146
164
163
145
160
161
143
169
162
144
167
162
143
164
159
140
160
155
136
152
149
130
148
145
126
143
142
122
141
140
122
139
140
122
136
139
120
129
132
113
118
123
103
112
117
97
100
107
89
77
84
66
53
60
42
30
34
20
21
25
11
129
143
126
153
166
149
170
183
166
179
192
174
190
201
184
196
208
188
203
212
193
211
219
198
204
209
189
202
207
185
200
203
182
196
199
178
193
195
173
188
190
168
186
185
164
182
181
160
172
171
150
161
160
139
158
153
133
157
149
128
155
142
123
152
135
117
136
118
98
115
94
75
124
103
86
142
123
106
149
132
116
146
133
116
151
142
125
155
149
133
150
149
131
147
145
130
153
148
129
153
148
129
151
146
127
147
144
127
142
139
122
134
133
115
125
126
108
121
122
104
113
116
97
113
117
100
110
114
97
101
108
90
94
103
84
85
94
75
67
76
57
51
60
41
29
40
26
36
47
33
151
168
152
147
164
148
141
155
140
146
160
143
165
178
161
177
188
171
185
194
175
194
203
184
199
207
186
200
205
185
197
202
180
193
196
175
187
190
169
182
184
163
176
178
156
173
175
153
161
158
139
154
151
132
152
147
127
148
141
122
140
129
109
133
120
101
120
105
86
102
85
67
103
86
68
127
112
93
140
127
110
141
129
113
142
135
117
144
138
122
142
139
124
144
141
126
146
143
126
144
141
124
142
139
122
140
137
120
135
134
116
126
127
111
115
116
100
107
110
93
109
113
96
102
109
91
92
99
83
81
90
73
70
81
64
64
75
58
59
70
53
57
68
51
104
118
105
117
131
118
183
201
187
182
198
185
171
188
172
157
171
156
139
153
136
125
138
120
138
149
132
168
177
158
181
189
168
184
189
169
184
189
169
182
185
164
176
179
158
168
171
150
161
164
143
156
159
138
141
138
119
138
133
114
135
130
110
130
123
104
120
112
93
115
104
84
105
94
74
91
78
59
94
81
62
112
101
83
125
114
96
129
120
103
135
128
112
136
130
114
134
128
114
134
131
116
136
133
118
131
128
113
124
122
107
122
120
105
117
118
102
109
110
94
95
98
81
84
88
71
63
67
52
52
59
43
49
58
41
56
67
50
71
82
65
89
102
85
112
125
108
131
144
127
120
140
128
125
145
133
184
202
188
181
199
185
179
195
182
179
196
180
168
182
165
143
156
139
134
145
128
149
158
139
149
156
138
152
160
139
157
162
142
157
162
140
153
156
135
145
148
127
137
140
119
131
134
113
129
124
105
123
118
99
121
116
97
117
110
91
109
102
83
107
99
78
101
93
72
88
80
59
94
86
65
98
90
71
100
92
73
107
100
82
123
116
100
127
121
105
121
115
101
118
112
98
116
113
98
108
105
90
98
96
81
94
92
77
89
90
74
82
83
67
68
70
56
55
59
44
48
55
39
56
65
48
83
92
75
117
128
112
136
149
132
134
147
130
129
142
125
131
144
127
128
150
137
121
143
130
175
199
185
175
202
187
170
197
182
167
195
181
171
199
185
168
196
182
161
189
175
162
189
174
135
159
145
125
146
131
118
135
119
116
129
112
114
123
106
109
113
96
103
106
87
102
103
85
96
89
70
104
97
78
106
98
79
98
90
71
95
84
66
100
87
70
105
92
75
107
94
77
108
95
78
110
97
80
110
97
80
106
95
77
103
95
76
105
97
78
103
96
77
101
94
75
92
89
72
80
79
61
68
69
51
61
64
45
56
63
45
60
69
52
73
86
69
89
103
86
117
134
118
124
142
128
128
148
136
127
149
136
125
147
135
124
146
134
124
145
136
123
144
135
120
144
131
119
143
130
170
194
180
171
198
183
167
194
179
166
194
180
172
200
186
171
199
185
165
193
179
167
194
179
175
199
185
166
187
172
153
170
154
141
154
137
124
133
116
100
104
87
77
80
61
65
66
48
73
66
47
82
75
56
88
80
61
85
77
58
87
76
58
97
84
67
106
93
76
110
97
80
114
101
84
114
101
84
110
97
80
101
90
72
94
86
67
91
83
64
86
79
60
81
74
55
74
71
54
62
61
43
59
60
42
79
82
63
104
111
93
124
133
116
133
146
129
140
154
137
122
139
123
128
146
132
130
150
138
128
150
137
125
147
135
124
146
134
124
145
136
123
144
135
120
144
131
119
143
130
